    12.3
    12.2
    12.9
    11.8
    12.1
    11.7
    11.8
    11.3
    12.0
    11.7
    11.0
    12.7
    11.2
    11.8
    11.4
    11.3
    11.5
    12.1
    12.5
    11.7
    12.3
    11.7
    11.6
    11.6
    11.1
    12.1
    12.4
    11.4
    11.6
    11.4
    10.9
    11.0
    11.5
    11.6
    11.6
    11.4
    11.9
    11.1
    11.7
    12.1
    12.2
    11.7
    11.6
    11.4
    12.4
    11.0
    11.8
    12.9
    13.2
    11.5
    11.5
    12.0
    11.9
    11.8
    12.5
    11.8
    12.4
    12.0
    12.2
    12.4
    11.8
    12.6
    11.8
    11.8
    11.5
    12.0
    12.7
    11.5
    11.0
    11.8
    11.2
    12.6
    12.0
    12.6
    12.0
    12.0
    12.5
    12.0
    12.8
    11.8
    12.6
    12.4
    10.9
    12.0
    11.9
    11.6
    11.3
    12.1
    11.8
    12.2
    12.2
    11.5
    12.7
    11.5
    11.0
    11.7
    12.5
    11.6
    11.3
    11.1
