        2
        3
        8
        6
        4
        4
        6
        4
        2
        5
        8
       10
        4
        4
        4
        2
        1
        3
        2
       10
        1
        3
        2
        3
        4
        3
        5
        2
        4
        1
        2
        9
        1
        7
       17
        9
        9
        9
        4
        4
        1
        1
        1
        3
        1
        6
        3
        3
        2
        5
        1
        3
        3
       14
        2
        3
        9
        6
        6
        3
        5
        1
        4
        6
       11
       22
        1
        9
        6
        5
        2
        2
        5
        4
        3
        6
        1
        5
        1
        6
       17
        1
        2
        4
        5
        4
        4
        3
        2
        3
        3
        5
        2
        3
        3
        2
       10
        2
        4
        2
