     195
     243
     132
     133
     209
     400
     142
     312
     221
     289
     221
     162
     134
     275
     355
     293
     242
     458
     378
     148
     278
     222
     236
     178
     202
     222
     334
     208
     194
     135
     363
     221
     449
     265
     146
     215
     113
     229
     221
     243
     512
     193
     134
     138
     209
     207
     206
     310
     293
     310
     237
     135
     252
     365
     371
     238
     232
     271
     121
     134
     203
     178
     180
     148
     162
     160
      86
     234
     244
     266
     119
     259
     108
     289
     328
     331
     330
     227
     162
     354
     304
     141
     158
     240
      82
      17
     357
     187
     364
     268
     368
     274
     278
     190
     344
     157
     219
      77
     171
     280
