Year	Month	Deviations
1880	1	-0.3037
1880	2	-0.7804
1880	3	-0.8062
1880	4	-0.466
1880	5	-0.3201
1880	6	-0.3197
1880	7	-0.4263
1880	8	-0.3135
1880	9	-0.3816
1880	10	-0.8412
1880	11	-0.856
1880	12	-0.5494
1881	1	-0.2482
1881	2	-0.5488
1881	3	-0.1386
1881	4	-0.0944
1881	5	-0.1618
1881	6	-0.4205
1881	7	-0.2299
1881	8	-0.0685
1881	9	-0.5511
1881	10	-0.8172
1881	11	-1.1654
1881	12	-0.5303
1882	1	0.1634
1882	2	-0.2552
1882	3	-0.2223
1882	4	-0.7296
1882	5	-0.4323
1882	6	-0.5516
1882	7	-0.3798
1882	8	0.0357
1882	9	-0.1973
1882	10	-0.9551
1882	11	-0.5121
1882	12	-0.6984
1883	1	-1.2476
1883	2	-1.415
1883	3	-0.5254
1883	4	-0.634
1883	5	-0.2899
1883	6	-0.0616
1883	7	-0.3931
1883	8	-0.2488
1883	9	-0.2779
1883	10	-0.4918
1883	11	-0.7004
1883	12	-0.1878
1884	1	-0.2934
1884	2	-0.7051
1884	3	-0.929
1884	4	-0.8768
1884	5	-0.5674
1884	6	-0.451
1884	7	-0.5014
1884	8	-0.6814
1884	9	-0.654
1884	10	-0.4288
1884	11	-0.8264
1884	12	-0.4337
1885	1	-1.3085
1885	2	-0.748
1885	3	-0.1928
1885	4	-0.6425
1885	5	-0.6331
1885	6	-0.4951
1885	7	-0.3681
1885	8	-0.5975
1885	9	-0.4231
1885	10	-0.4239
1885	11	-0.2518
1885	12	0.2306
1886	1	-0.4447
1886	2	-1.0408
1886	3	-0.7642
1886	4	-0.3856
1886	5	-0.3241
1886	6	-0.314
1886	7	-0.1353
1886	8	-0.2136
1886	9	-0.3568
1886	10	-0.5753
1886	11	-0.5983
1886	12	0.1727
1887	1	-1.083
1887	2	-0.8249
1887	3	-0.2115
1887	4	-0.2448
1887	5	-0.1197
1887	6	-0.3847
1887	7	-0.406
1887	8	-0.4816
1887	9	-0.0522
1887	10	-0.5319
1887	11	-0.1366
1887	12	-0.1666
1888	1	-0.8966
1888	2	-0.8781
1888	3	-0.6887
1888	4	-0.2126
1888	5	-0.5611
1888	6	-0.4736
1888	7	-0.0745
1888	8	-0.3975
1888	9	-0.1183
1888	10	-0.0357
1888	11	-0.57
1888	12	-0.1847
1889	1	-0.7311
1889	2	-0.2137
1889	3	0.0138
1889	4	0.0576
1889	5	-0.3089
1889	6	-0.2539
1889	7	-0.2481
1889	8	-0.1493
1889	9	-0.4874
1889	10	-0.4282
1889	11	-0.9244
1889	12	-0.26
1890	1	-0.574
1890	2	-0.7474
1890	3	-0.4438
1890	4	-0.1498
1890	5	-0.6199
1890	6	-0.3486
1890	7	0.0264
1890	8	-0.2285
1890	9	-0.3001
1890	10	-0.2643
1890	11	-0.6117
1890	12	-0.2849
1891	1	-0.7341
1891	2	-1.3073
1891	3	-0.4216
1891	4	-0.5824
1891	5	-0.3812
1891	6	-0.4906
1891	7	-0.2776
1891	8	-0.2092
1891	9	-0.1326
1891	10	-0.5356
1891	11	-0.8185
1891	12	0.1828
1892	1	-0.6366
1892	2	-0.3699
1892	3	-0.793
1892	4	-0.5441
1892	5	-0.4228
1892	6	-0.2734
1892	7	-0.285
1892	8	-0.2929
1892	9	0.0091
1892	10	0.0466
1892	11	-1.0622
1892	12	-0.6215
1893	1	-1.685
1893	2	-1.5221
1893	3	-0.0719
1893	4	-0.2941
1893	5	-0.5687
1893	6	-0.1373
1893	7	-0.1128
1893	8	-0.3948
1893	9	-0.2341
1893	10	-0.2292
1893	11	-0.0541
1893	12	-0.1863
1894	1	-0.8978
1894	2	0.0528
1894	3	0.1162
1894	4	-0.678
1894	5	-0.2946
1894	6	-0.4962
1894	7	-0.1884
1894	8	-0.2288
1894	9	-0.4264
1894	10	-0.2348
1894	11	-0.4943
1894	12	-0.3057
1895	1	-1.2387
1895	2	-0.8785
1895	3	-0.1844
1895	4	0.086
1895	5	-0.221
1895	6	-0.4103
1895	7	-0.1898
1895	8	-0.2321
1895	9	-0.0692
1895	10	-0.3101
1895	11	-0.3061
1895	12	-0.1848
1896	1	-0.1304
1896	2	-0.0685
1896	3	-0.5975
1896	4	-0.8518
1896	5	-0.1777
1896	6	-0.0361
1896	7	-0.1406
1896	8	-0.046
1896	9	-0.1615
1896	10	0.0713
1896	11	-0.6574
1896	12	-0.1203
1897	1	-0.7233
1897	2	-0.4269
1897	3	-1.0143
1897	4	-0.0863
1897	5	-0.066
1897	6	-0.2713
1897	7	-0.0126
1897	8	-0.1036
1897	9	0.1539
1897	10	-0.2482
1897	11	-0.3676
1897	12	-0.3103
1898	1	0.3816
1898	2	-0.4109
1898	3	-1.3647
1898	4	-0.3942
1898	5	-0.4841
1898	6	-0.1593
1898	7	-0.336
1898	8	-0.1761
1898	9	-0.3236
1898	10	-0.5219
1898	11	-0.3477
1898	12	0.4063
1899	1	0.1315
1899	2	-0.5858
1899	3	-0.3377
1899	4	-0.1582
1899	5	-0.1012
1899	6	-0.4097
1899	7	-0.1962
1899	8	-0.0769
1899	9	0.0424
1899	10	0.0344
1899	11	0.6524
1899	12	-0.6044
1900	1	-0.9943
1900	2	-0.3186
1900	3	0.0577
1900	4	-0.3391
1900	5	0.1236
1900	6	0.1239
1900	7	-0.0212
1900	8	0.0106
1900	9	-0.0171
1900	10	0.2193
1900	11	-0.2413
1900	12	0.2403
1901	1	-0.4671
1901	2	0.0668
1901	3	0.4805
1901	4	0.1705
1901	5	0.0836
1901	6	0.03
1901	7	0.1359
1901	8	0.0958
1901	9	-0.026
1901	10	-0.3716
1901	11	0.2223
1901	12	-0.145
1902	1	0.4407
1902	2	0.5563
1902	3	0.0436
1902	4	-0.4492
1902	5	-0.239
1902	6	-0.2313
1902	7	-0.2662
1902	8	-0.2409
1902	9	-0.1354
1902	10	-0.3186
1902	11	-0.6093
1902	12	-0.6388
1903	1	-0.0727
1903	2	0.4652
1903	3	-0.3202
1903	4	-0.5081
1903	5	-0.4997
1903	6	-0.4818
1903	7	-0.364
1903	8	-0.3198
1903	9	-0.2615
1903	10	-0.5111
1903	11	-0.3787
1903	12	-0.4247
1904	1	-0.65
1904	2	-0.2782
1904	3	-0.4399
1904	4	-0.5534
1904	5	-0.2775
1904	6	-0.3153
1904	7	-0.3577
1904	8	-0.2274
1904	9	-0.4415
1904	10	-0.3622
1904	11	0.4977
1904	12	0.0621
1905	1	-0.1896
1905	2	-1.1054
1905	3	-0.6059
1905	4	-0.7216
1905	5	-0.3345
1905	6	-0.2555
1905	7	-0.1017
1905	8	-0.0674
1905	9	-0.081
1905	10	-0.2929
1905	11	0.2866
1905	12	-0.0447
1906	1	-0.2837
1906	2	-0.6856
1906	3	-0.1006
1906	4	0.2987
1906	5	0.0918
1906	6	0.1845
1906	7	-0.1523
1906	8	0.005
1906	9	-0.1411
1906	10	-0.0853
1906	11	-0.4542
1906	12	0.3882
1907	1	-0.5485
1907	2	-0.6127
1907	3	-0.3331
1907	4	-0.62
1907	5	-0.7728
1907	6	-0.6025
1907	7	-0.4695
1907	8	-0.2337
1907	9	-0.2307
1907	10	-0.1961
1907	11	-0.7836
1907	12	-0.4829
1908	1	-0.2148
1908	2	-0.1364
1908	3	-0.946
1908	4	-0.5954
1908	5	-0.1692
1908	6	-0.2729
1908	7	-0.123
1908	8	-0.2857
1908	9	-0.0885
1908	10	-0.4748
1908	11	-0.5392
1908	12	-0.1924
1909	1	-0.9168
1909	2	-0.4336
1909	3	-0.6642
1909	4	-0.7257
1909	5	-0.4557
1909	6	-0.2048
1909	7	-0.1043
1909	8	0.2068
1909	9	-0.0684
1909	10	-0.1335
1909	11	0.4198
1909	12	-0.2025
1910	1	-0.1525
1910	2	-0.2664
1910	3	-0.4179
1910	4	-0.1565
1910	5	-0.1906
1910	6	-0.2106
1910	7	0.0662
1910	8	-0.0346
1910	9	-0.1877
1910	10	-0.3212
1910	11	-0.5574
1910	12	-0.7919
1911	1	-0.6659
1911	2	-0.5825
1911	3	-0.8039
1911	4	-0.4052
1911	5	-0.3698
1911	6	-0.3076
1911	7	-0.3455
1911	8	-0.2683
1911	9	-0.209
1911	10	-0.1656
1911	11	-0.1426
1911	12	-0.2581
1912	1	-0.2667
1912	2	0.1948
1912	3	-0.8125
1912	4	-0.1347
1912	5	-0.0944
1912	6	-0.0688
1912	7	-0.376
1912	8	-0.5302
1912	9	-0.6548
1912	10	-0.8581
1912	11	-0.3361
1912	12	-0.4277
1913	1	-0.4486
1913	2	-0.6305
1913	3	-0.5307
1913	4	-0.2489
1913	5	-0.4246
1913	6	-0.2737
1913	7	-0.1345
1913	8	-0.0507
1913	9	-0.2426
1913	10	-0.3077
1913	11	0.3183
1913	12	0.6621
1914	1	1.0476
1914	2	0.2226
1914	3	-0.0632
1914	4	-0.1893
1914	5	0.1887
1914	6	0.0281
1914	7	-0.0224
1914	8	-0.0645
1914	9	0.0123
1914	10	0.0762
1914	11	-0.2572
1914	12	-0.1408
1915	1	-0.2845
1915	2	0.109
1915	3	-0.1273
1915	4	0.293
1915	5	0.145
1915	6	-0.0319
1915	7	0.0575
1915	8	-0.0052
1915	9	-0.1247
1915	10	-0.4894
1915	11	0.3279
1915	12	0.3532
1916	1	-0.002
1916	2	-0.1263
1916	3	-0.4777
1916	4	-0.2029
1916	5	-0.2032
1916	6	-0.3333
1916	7	-0.1155
1916	8	-0.1417
1916	9	-0.1523
1916	10	-0.1367
1916	11	-0.4168
1916	12	-1.2
1917	1	-0.4366
1917	2	-0.6254
1917	3	-0.6619
1917	4	-0.4101
1917	5	-0.5753
1917	6	-0.3551
1917	7	-0.1144
1917	8	-0.2691
1917	9	-0.1522
1917	10	-0.6261
1917	11	0.1027
1917	12	-1.1998
1918	1	-0.3007
1918	2	-0.3671
1918	3	-0.1994
1918	4	-0.6001
1918	5	-0.5283
1918	6	-0.2825
1918	7	-0.2167
1918	8	-0.0967
1918	9	-0.0791
1918	10	0.0599
1918	11	-0.3291
1918	12	-0.7957
1919	1	-0.5998
1919	2	-0.1146
1919	3	-0.4607
1919	4	0.1114
1919	5	-0.278
1919	6	-0.2255
1919	7	0.0134
1919	8	0.0268
1919	9	-0.0342
1919	10	-0.1336
1919	11	-0.5684
1919	12	-0.3225
1920	1	0.2914
1920	2	-0.334
1920	3	0.2648
1920	4	-0.2296
1920	5	-0.0643
1920	6	-0.2344
1920	7	0.0353
1920	8	0.0125
1920	9	-0.1225
1920	10	-0.23
1920	11	-0.3646
1920	12	-0.9362
1921	1	0.5901
1921	2	0.1033
1921	3	-0.0035
1921	4	0.0588
1921	5	0.0438
1921	6	0.131
1921	7	0.1767
1921	8	-0.1682
1921	9	-0.1026
1921	10	0.0266
1921	11	-0.2225
1921	12	0.1371
1922	1	-0.5697
1922	2	-0.6516
1922	3	0.1645
1922	4	0.0982
1922	5	-0.0831
1922	6	-0.0366
1922	7	-0.0046
1922	8	-0.0786
1922	9	-0.1402
1922	10	-0.1851
1922	11	0.0669
1922	12	0.1594
1923	1	0.0198
1923	2	-0.564
1923	3	-0.1704
1923	4	-0.5985
1923	5	-0.3091
1923	6	-0.0001
1923	7	-0.1805
1923	8	-0.0535
1923	9	-0.0157
1923	10	0.2153
1923	11	0.4678
1923	12	0.3036
1924	1	-0.4894
1924	2	-0.1846
1924	3	0.0403
1924	4	-0.4766
1924	5	-0.2719
1924	6	-0.1511
1924	7	0.0427
1924	8	-0.07
1924	9	0.0148
1924	10	-0.0434
1924	11	0.3512
1924	12	-0.2038
1925	1	-0.1349
1925	2	-0.2787
1925	3	0.1335
1925	4	0.1749
1925	5	-0.165
1925	6	-0.2549
1925	7	-0.2307
1925	8	0.0224
1925	9	0.0556
1925	10	-0.1649
1925	11	0.3505
1925	12	0.7974
1926	1	0.783
1926	2	0.5814
1926	3	0.6539
1926	4	-0.1631
1926	5	-0.2664
1926	6	-0.1014
1926	7	-0.1609
1926	8	0.0698
1926	9	0.0042
1926	10	0.1883
1926	11	0.1674
1926	12	-0.2924
1927	1	-0.2428
1927	2	-0.0944
1927	3	-0.4296
1927	4	-0.276
1927	5	-0.1123
1927	6	0.0307
1927	7	0.1434
1927	8	-0.0174
1927	9	0.372
1927	10	0.5531
1927	11	0.1322
1927	12	-0.6814
1928	1	0.241
1928	2	0.1219
1928	3	-0.4225
1928	4	-0.26
1928	5	0.0554
1928	6	-0.1687
1928	7	0.0125
1928	8	-0.0218
1928	9	-0.0096
1928	10	0.1094
1928	11	0.3948
1928	12	0.1935
1929	1	-0.861
1929	2	-1.0811
1929	3	-0.0665
1929	4	-0.1407
1929	5	-0.1549
1929	6	-0.2164
1929	7	-0.2291
1929	8	-0.0153
1929	9	-0.0789
1929	10	0.2341
1929	11	0.1878
1929	12	-1.1752
1930	1	-0.4466
1930	2	-0.071
1930	3	0.3954
1930	4	-0.174
1930	5	-0.1693
1930	6	0.0184
1930	7	0.1973
1930	8	0.1247
1930	9	-0.1542
1930	10	0.0155
1930	11	0.5856
1930	12	0.1507
1931	1	0.0154
1931	2	-0.6939
1931	3	0.1408
1931	4	-0.245
1931	5	-0.2296
1931	6	0.2
1931	7	0.3133
1931	8	0.2385
1931	9	0.3775
1931	10	0.5313
1931	11	0.0939
1931	12	0.2133
1932	1	0.998
1932	2	-0.2331
1932	3	-0.2448
1932	4	0.4845
1932	5	-0.021
1932	6	0.0367
1932	7	0.1568
1932	8	-0.0517
1932	9	0.3251
1932	10	0.3058
1932	11	-0.1845
1932	12	-0.2396
1933	1	-0.5501
1933	2	-0.6134
1933	3	-0.3095
1933	4	-0.2474
1933	5	-0.0952
1933	6	-0.1138
1933	7	-0.0351
1933	8	0.0018
1933	9	-0.1398
1933	10	0.0487
1933	11	-0.0347
1933	12	-0.6294
1934	1	-0.2843
1934	2	0.7029
1934	3	-0.2885
1934	4	-0.3552
1934	5	0.3745
1934	6	0.1533
1934	7	-0.0093
1934	8	0.0599
1934	9	-0.305
1934	10	0.087
1934	11	0.408
1934	12	0.2704
1935	1	-0.5165
1935	2	1.1029
1935	3	0.1275
1935	4	-0.5357
1935	5	-0.2528
1935	6	-0.0994
1935	7	0.101
1935	8	0.0693
1935	9	0.0738
1935	10	0.2173
1935	11	-0.6745
1935	12	-0.2633
1936	1	-0.4656
1936	2	-0.7711
1936	3	-0.2583
1936	4	-0.1957
1936	5	0.0261
1936	6	0.0809
1936	7	0.3916
1936	8	0.1087
1936	9	0.0647
1936	10	0.2187
1936	11	0.2035
1936	12	0.2317
1937	1	-0.3725
1937	2	0.2653
1937	3	-0.4435
1937	4	-0.2271
1937	5	0.1534
1937	6	0.2805
1937	7	0.0597
1937	8	0.2636
1937	9	0.326
1937	10	0.3852
1937	11	0.2644
1937	12	-0.1807
1938	1	0.2012
1938	2	0.1858
1938	3	0.4855
1938	4	0.5053
1938	5	0.2014
1938	6	-0.0236
1938	7	0.1708
1938	8	0.216
1938	9	0.3585
1938	10	0.4657
1938	11	0.4696
1938	12	-0.2851
1939	1	0.2723
1939	2	0.1303
1939	3	-0.2755
1939	4	-0.0777
1939	5	0.2932
1939	6	0.1956
1939	7	0.1914
1939	8	0.2101
1939	9	-0.0343
1939	10	-0.1409
1939	11	0.1281
1939	12	1.3384
1940	1	-0.4126
1940	2	0.2592
1940	3	0.2438
1940	4	0.2874
1940	5	-0.0538
1940	6	0.1381
1940	7	0.2396
1940	8	0.0227
1940	9	0.2181
1940	10	0.0333
1940	11	-0.0393
1940	12	0.4752
1941	1	0.0828
1941	2	0.3445
1941	3	0.0107
1941	4	0.2011
1941	5	0.1896
1941	6	0.2065
1941	7	0.2727
1941	8	0.2161
1941	9	-0.1492
1941	10	0.385
1941	11	-0.0628
1941	12	-0.0599
1942	1	0.448
1942	2	-0.2665
1942	3	0.0031
1942	4	-0.0121
1942	5	0.0044
1942	6	0.1699
1942	7	-0.0903
1942	8	-0.1026
1942	9	0.0963
1942	10	0.2415
1942	11	0.3428
1942	12	0.1877
1943	1	-0.3635
1943	2	0.3649
1943	3	-0.127
1943	4	0.2869
1943	5	0.2494
1943	6	-0.2615
1943	7	0.0629
1943	8	-0.0699
1943	9	0.0165
1943	10	0.4294
1943	11	0.1998
1943	12	0.6998
1944	1	0.8454
1944	2	0.4366
1944	3	0.3996
1944	4	0.0309
1944	5	0.1343
1944	6	0.2102
1944	7	0.2123
1944	8	0.1367
1944	9	0.4577
1944	10	0.387
1944	11	-0.0331
1944	12	-0.3462
1945	1	-0.1439
1945	2	-0.725
1945	3	-0.1866
1945	4	0.2181
1945	5	-0.13
1945	6	-0.0534
1945	7	-0.1329
1945	8	0.3951
1945	9	0.111
1945	10	0.2089
1945	11	-0.0091
1945	12	-0.6159
1946	1	0.369
1946	2	0.331
1946	3	-0.1161
1946	4	0.3967
1946	5	-0.029
1946	6	-0.2362
1946	7	-0.0342
1946	8	-0.0052
1946	9	-0.0245
1946	10	0.0105
1946	11	0.0945
1946	12	-0.7183
1947	1	-0.2722
1947	2	-0.0833
1947	3	0.4059
1947	4	0.2431
1947	5	0.0511
1947	6	0.0609
1947	7	-0.0866
1947	8	-0.0498
1947	9	0.0609
1947	10	0.548
1947	11	0.222
1947	12	-0.0565
1948	1	0.6597
1948	2	-0.0458
1948	3	-0.3893
1948	4	0.0109
1948	5	0.2663
1948	6	0.1112
1948	7	0.032
1948	8	0.0326
1948	9	0.0391
1948	10	0.1284
1948	11	0.0663
1948	12	-0.2275
1949	1	0.4899
1949	2	-0.4664
1949	3	-0.1509
1949	4	0.0326
1949	5	0.1227
1949	6	-0.2264
1949	7	-0.2183
1949	8	-0.013
1949	9	-0.2254
1949	10	0.014
1949	11	0.0997
1949	12	-0.457
1950	1	-0.8604
1950	2	-0.5335
1950	3	-0.1048
1950	4	-0.2927
1950	5	-0.0465
1950	6	-0.1602
1950	7	-0.3505
1950	8	-0.4327
1950	9	-0.1626
1950	10	-0.2824
1950	11	-0.9308
1950	12	-0.2274
1951	1	-0.6373
1951	2	-1.0565
1951	3	-0.3221
1951	4	-0.1102
1951	5	0.1862
1951	6	-0.0696
1951	7	0.0159
1951	8	0.0657
1951	9	0.2578
1951	10	0.1441
1951	11	-0.021
1951	12	0.562
1952	1	0.2429
1952	2	-0.0588
1952	3	-0.4292
1952	4	0.0004
1952	5	-0.0179
1952	6	0.0178
1952	7	0.0928
1952	8	0.0071
1952	9	0.1106
1952	10	-0.2698
1952	11	-0.7475
1952	12	-0.1627
1953	1	0.1896
1953	2	0.3514
1953	3	0.4028
1953	4	0.3235
1953	5	0.1693
1953	6	0.1551
1953	7	0.0165
1953	8	0.094
1953	9	0.0989
1953	10	0.1348
1953	11	-0.2848
1953	12	0.2204
1954	1	-0.7092
1954	2	-0.3069
1954	3	-0.2475
1954	4	-0.3448
1954	5	-0.3887
1954	6	-0.078
1954	7	-0.1545
1954	8	-0.0228
1954	9	0.0089
1954	10	0.0687
1954	11	0.3531
1954	12	-0.2571
1955	1	0.6054
1955	2	-0.1276
1955	3	-0.7548
1955	4	-0.4106
1955	5	-0.106
1955	6	-0.0092
1955	7	-0.2174
1955	8	0.0498
1955	9	-0.0782
1955	10	0.0234
1955	11	-0.3593
1955	12	-0.4715
1956	1	-0.4672
1956	2	-0.6891
1956	3	-0.4476
1956	4	-0.5385
1956	5	-0.42
1956	6	-0.2033
1956	7	-0.3175
1956	8	-0.4292
1956	9	-0.4847
1956	10	-0.442
1956	11	-0.429
1956	12	-0.4139
1957	1	-0.3693
1957	2	-0.3671
1957	3	-0.4577
1957	4	-0.4353
1957	5	-0.1117
1957	6	0.1971
1957	7	-0.4446
1957	8	0.2701
1957	9	0.137
1957	10	0.0224
1957	11	0.1734
1957	12	0.7266
1958	1	0.7243
1958	2	0.595
1958	3	-0.0196
1958	4	-0.1285
1958	5	0.2767
1958	6	-0.4448
1958	7	-0.0165
1958	8	-0.3188
1958	9	-0.2585
1958	10	-0.0668
1958	11	0.1329
1958	12	0.0286
1959	1	-0.027
1959	2	0.0535
1959	3	0.4855
1959	4	0.4258
1959	5	-0.0921
1959	6	0.1371
1959	7	0.0812
1959	8	-0.0785
1959	9	-0.0134
1959	10	-0.3638
1959	11	-0.5265
1959	12	-0.1921
1960	1	-0.1952
1960	2	0.4086
1960	3	-1.1111
1960	4	-0.3161
1960	5	-0.4025
1960	6	0.1648
1960	7	-0.1011
1960	8	-0.2758
1960	9	0.1402
1960	10	0.0295
1960	11	-0.4194
1960	12	0.5486
1961	1	0.1902
1961	2	0.2791
1961	3	0.1536
1961	4	0.1219
1961	5	0.0854
1961	6	0.2665
1961	7	-0.1087
1961	8	0.0173
1961	9	0.1321
1961	10	-0.4022
1961	11	-0.0344
1961	12	-0.3022
1962	1	0.2129
1962	2	0.261
1962	3	0.2078
1962	4	-0.102
1962	5	0.0611
1962	6	-0.1693
1962	7	-0.1218
1962	8	-0.0646
1962	9	-0.1904
1962	10	0.0786
1962	11	0.1775
1962	12	0.2003
1963	1	0.0487
1963	2	0.7842
1963	3	-0.1954
1963	4	-0.3091
1963	5	-0.162
1963	6	0.1853
1963	7	-0.001
1963	8	0.369
1963	9	0.434
1963	10	0.6447
1963	11	0.3288
1963	12	0.0444
1964	1	-0.0322
1964	2	-0.5037
1964	3	-0.3182
1964	4	-0.5326
1964	5	-0.1923
1964	6	0.0438
1964	7	0.0459
1964	8	-0.2931
1964	9	-0.4108
1964	10	-0.6079
1964	11	-0.1385
1964	12	-0.3839
1965	1	0.0654
1965	2	-0.4103
1965	3	-0.0873
1965	4	-0.3279
1965	5	-0.1977
1965	6	0.071
1965	7	-0.1675
1965	8	-0.0322
1965	9	-0.4072
1965	10	0.1216
1965	11	-0.2925
1965	12	0.0361
1966	1	-0.289
1966	2	-0.1376
1966	3	0.0865
1966	4	-0.2567
1966	5	-0.2185
1966	6	0.1519
1966	7	0.1548
1966	8	-0.2028
1966	9	0.1961
1966	10	-0.1961
1966	11	-0.1828
1966	12	-0.4712
1967	1	-0.1567
1967	2	-0.2936
1967	3	0.0311
1967	4	-0.0084
1967	5	0.3969
1967	6	-0.2654
1967	7	-0.1874
1967	8	-0.1201
1967	9	-0.1311
1967	10	0.2696
1967	11	0.0145
1967	12	0.1127
1968	1	-0.397
1968	2	0.0345
1968	3	0.9164
1968	4	0.0728
1968	5	-0.3707
1968	6	-0.5108
1968	7	-0.3825
1968	8	-0.3905
1968	9	-0.5395
1968	10	0.0257
1968	11	-0.2458
1968	12	-0.6168
1969	1	-1.1632
1969	2	-1.1116
1969	3	-0.1788
1969	4	0.0087
1969	5	0.0146
1969	6	-0.1536
1969	7	-0.1056
1969	8	-0.0779
1969	9	0.0258
1969	10	0.0278
1969	11	0.1924
1969	12	0.3812
1970	1	0.0319
1970	2	0.4313
1970	3	-0.0212
1970	4	0.1827
1970	5	-0.1888
1970	6	0.1345
1970	7	-0.0013
1970	8	-0.0737
1970	9	0.0514
1970	10	-0.179
1970	11	-0.1895
1970	12	-0.235
1971	1	0.1715
1971	2	-0.3137
1971	3	-0.2914
1971	4	0.0403
1971	5	-0.0023
1971	6	-0.4516
1971	7	-0.284
1971	8	-0.1595
1971	9	-0.1718
1971	10	-0.0033
1971	11	0.3463
1971	12	0.2074
1972	1	-0.942
1972	2	-0.6857
1972	3	-0.2375
1972	4	-0.087
1972	5	-0.2545
1972	6	-0.0135
1972	7	-0.1945
1972	8	0.3102
1972	9	-0.2611
1972	10	0.0616
1972	11	-0.259
1972	12	-0.0185
1973	1	0.1835
1973	2	0.4152
1973	3	0.435
1973	4	0.3108
1973	5	0.3785
1973	6	0.2157
1973	7	0.0769
1973	8	-0.2101
1973	9	0
1973	10	0.0291
1973	11	0.0968
1973	12	0.1728
1974	1	-0.571
1974	2	-0.8418
1974	3	-0.0088
1974	4	-0.0393
1974	5	-0.1366
1974	6	-0.1697
1974	7	-0.1294
1974	8	0.0633
1974	9	-0.2355
1974	10	-0.4047
1974	11	-0.1981
1974	12	-0.2581
1975	1	0.2153
1975	2	0.024
1975	3	0.3745
1975	4	0.1007
1975	5	0.4106
1975	6	-0.1643
1975	7	-0.1814
1975	8	-0.3335
1975	9	0.0096
1975	10	-0.1877
1975	11	-0.2155
1975	12	0.0296
1976	1	0.1787
1976	2	-0.3142
1976	3	-0.7659
1976	4	-0.1774
1976	5	-0.3451
1976	6	-0.2706
1976	7	-0.3642
1976	8	-0.6213
1976	9	-0.1418
1976	10	-0.9312
1976	11	-0.4848
1976	12	-0.0982
1977	1	-0.3962
1977	2	0.0496
1977	3	0.4168
1977	4	0.3897
1977	5	0.4996
1977	6	0.4189
1977	7	0.2584
1977	8	-0.0888
1977	9	-0.2108
1977	10	-0.46
1977	11	0.2886
1977	12	-0.1387
1978	1	-0.1355
1978	2	0.0342
1978	3	0.2931
1978	4	0.6592
1978	5	0.0812
1978	6	-0.193
1978	7	-0.2179
1978	8	-0.5868
1978	9	-0.1682
1978	10	0.0168
1978	11	0.1876
1978	12	-0.1183
1979	1	-0.1892
1979	2	-0.3051
1979	3	0.2557
1979	4	-0.0622
1979	5	-0.303
1979	6	0.0893
1979	7	-0.3439
1979	8	-0.1075
1979	9	0.2588
1979	10	0.0452
1979	11	0.0968
1979	12	0.7712
1980	1	0.0738
1980	2	0.2714
1980	3	-0.1112
1980	4	0.3411
1980	5	0.4699
1980	6	0.1457
1980	7	0.0728
1980	8	-0.1258
1980	9	0.0293
1980	10	0.0515
1980	11	0.7751
1980	12	0.3839
1981	1	1.1376
1981	2	0.7627
1981	3	0.8311
1981	4	0.4938
1981	5	0.4874
1981	6	0.1926
1981	7	0.3459
1981	8	0.5442
1981	9	-0.1151
1981	10	-0.3532
1981	11	-0.0573
1981	12	0.7071
1982	1	-0.2077
1982	2	-0.084
1982	3	-0.4688
1982	4	0.2283
1982	5	0.051
1982	6	-0.1749
1982	7	0.2991
1982	8	-0.1383
1982	9	-0.0958
1982	10	-0.0407
1982	11	0.0858
1982	12	0.6334
1983	1	0.6036
1983	2	0.5093
1983	3	0.3712
1983	4	0.1997
1983	5	0.2547
1983	6	-0.221
1983	7	-0.1113
1983	8	0.3611
1983	9	0.3639
1983	10	-0.1791
1983	11	0.6405
1983	12	0.1013
1984	1	0.2688
1984	2	-0.2364
1984	3	0.3229
1984	4	-0.2584
1984	5	0.5414
1984	6	-0.3866
1984	7	0.2503
1984	8	0.0025
1984	9	-0.0499
1984	10	-0.1341
1984	11	-0.1755
1984	12	-0.606
1985	1	0.1904
1985	2	-0.6913
1985	3	0.1753
1985	4	0.2315
1985	5	0.0585
1985	6	0.3057
1985	7	-0.3015
1985	8	0.1494
1985	9	-0.3026
1985	10	-0.0917
1985	11	-0.2754
1985	12	-0.1572
1986	1	0.4784
1986	2	0.667
1986	3	0.5799
1986	4	0.2744
1986	5	0.0574
1986	6	-0.115
1986	7	-0.021
1986	8	0.1046
1986	9	-0.2992
1986	10	-0.2043
1986	11	-0.3494
1986	12	-0.0779
1987	1	0.1143
1987	2	0.8754
1987	3	0.109
1987	4	0.0881
1987	5	0.1751
1987	6	0.2317
1987	7	0.3584
1987	8	-0.32
1987	9	0.1755
1987	10	-0.0845
1987	11	-0.2071
1987	12	0.6535
1988	1	0.6171
1988	2	-0.0542
1988	3	0.867
1988	4	0.5187
1988	5	0.2885
1988	6	0.6757
1988	7	0.2947
1988	8	0.4909
1988	9	0.5491
1988	10	0.5822
1988	11	0.2431
1988	12	0.5815
1989	1	0.042
1989	2	0.3947
1989	3	0.4561
1989	4	-0.0176
1989	5	-0.1216
1989	6	-0.1481
1989	7	0.2311
1989	8	0.3861
1989	9	0.2391
1989	10	0.068
1989	11	-0.0163
1989	12	0.7002
1990	1	0.4502
1990	2	0.4097
1990	3	1.4488
1990	4	0.6857
1990	5	0.2459
1990	6	0.4923
1990	7	0.3352
1990	8	0.0993
1990	9	0.2679
1990	10	0.5223
1990	11	0.7174
1990	12	0.5274
1991	1	0.5174
1991	2	0.6656
1991	3	0.208
1991	4	0.6446
1991	5	0.4099
1991	6	0.547
1991	7	0.3581
1991	8	0.2974
1991	9	0.3876
1991	10	0.3049
1991	11	0.1741
1991	12	0.1974
1992	1	0.8013
1992	2	0.5325
1992	3	0.3881
1992	4	0.3479
1992	5	0.0952
1992	6	0.2488
1992	7	-0.2852
1992	8	-0.2586
1992	9	-0.3911
1992	10	-0.1965
1992	11	-0.3061
1992	12	0.4045
1993	1	0.5851
1993	2	0.5395
1993	3	0.7023
1993	4	0.1666
1993	5	0.2088
1993	6	-0.1098
1993	7	0.1464
1993	8	-0.2938
1993	9	-0.1232
1993	10	0.1318
1993	11	-0.3404
1993	12	0.1585
1994	1	0.3011
1994	2	-0.472
1994	3	0.5194
1994	4	0.4874
1994	5	0.4708
1994	6	0.4933
1994	7	0.2484
1994	8	0.1471
1994	9	0.3175
1994	10	0.589
1994	11	0.5579
1994	12	0.4032
1995	1	0.9315
1995	2	1.4396
1995	3	0.628
1995	4	0.4718
1995	5	0.0519
1995	6	0.6067
1995	7	0.3813
1995	8	0.6697
1995	9	0.5039
1995	10	0.576
1995	11	0.5685
1995	12	0.3628
1996	1	0.0862
1996	2	0.6149
1996	3	0.174
1996	4	0.0085
1996	5	0.3849
1996	6	0.2538
1996	7	0.2451
1996	8	0.1364
1996	9	0.0585
1996	10	0.0444
1996	11	0.112
1996	12	0.427
1997	1	0.5112
1997	2	0.655
1997	3	0.6591
1997	4	0.6388
1997	5	0.3479
1997	6	0.5691
1997	7	0.4436
1997	8	0.5026
1997	9	0.7105
1997	10	0.727
1997	11	0.385
1997	12	0.632
1998	1	0.5922
1998	2	1.5466
1998	3	0.7628
1998	4	1.1385
1998	5	0.8202
1998	6	0.796
1998	7	0.9778
1998	8	0.9247
1998	9	0.6764
1998	10	0.5492
1998	11	0.2162
1998	12	0.9901
1999	1	0.865
1999	2	1.555
1999	3	0.1455
1999	4	0.6904
1999	5	0.5334
1999	6	0.5518
1999	7	0.5512
1999	8	0.4281
1999	9	0.5077
1999	10	0.5857
1999	11	0.5044
1999	12	1.3263
2000	1	0.3519
2000	2	1.0121
2000	3	1.0295
2000	4	1.2989
2000	5	0.7144
2000	6	0.4887
2000	7	0.4263
2000	8	0.5832
2000	9	0.4211
2000	10	0.0273
2000	11	-0.1575
2000	12	-0.016
2001	1	0.6866
2001	2	0.3764
2001	3	1.1145
2001	4	0.7918
2001	5	0.9294
2001	6	0.685
2001	7	0.6442
2001	8	0.8195
2001	9	0.5202
2001	10	0.5099
2001	11	1.3273
2001	12	0.5462
2002	1	1.4337
2002	2	1.6191
2002	3	1.4265
2002	4	0.6651
2002	5	0.6136
2002	6	0.7116
2002	7	0.8941
2002	8	0.6418
2002	9	0.7062
2002	10	0.4163
2002	11	0.8959
2002	12	0.2018
2003	1	1.1597
2003	2	0.7185
2003	3	0.6476
2003	4	0.5848
2003	5	0.7738
2003	6	0.583
2003	7	0.4899
2003	8	0.6411
2003	9	0.7201
2003	10	1.0671
2003	11	0.5781
2003	12	1.3294
2004	1	0.7874
2004	2	1.2082
2004	3	1.1039
2004	4	0.7723
2004	5	0.4105
2004	6	0.502
2004	7	0.3475
2004	8	0.3876
2004	9	0.4961
2004	10	0.7232
2004	11	1.3994
2004	12	0.5461
2005	1	0.9213
2005	2	0.459
2005	3	1.2234
2005	4	1.2358
2005	5	0.938
2005	6	0.9766
2005	7	0.9219
2005	8	0.6747
2005	9	1.0394
2005	10	1.0682
2005	11	1.327
2005	12	0.8724
2006	1	0.2591
2006	2	0.9395
2006	3	0.9719
2006	4	0.5533
2006	5	0.5375
2006	6	0.8864
2006	7	0.847
2006	8	0.7691
2006	9	0.7229
2006	10	0.8363
2006	11	0.7168
2006	12	1.23
2007	1	1.824
2007	2	1.0188
2007	3	1.1256
2007	4	1.3708
2007	5	0.9357
2007	6	0.735
2007	7	-999
2007	8	-999
2007	9	-999
2007	10	-999
2007	11	-999
2007	12	-999
