        3
        3
        2
        1
        2
        0
        5
        3
        5
        2
        1
        8
        2
       12
        3
        5
        3
        1
        3
        0
        8
        0
        9
        6
        8
        6
        2
       16
        0
        6
        0
        5
        5
        0
        1
       25
        0
        0
        0
        6
        2
       10
       12
        3
       10
        3
       17
        2
        4
        2
        1
       21
        4
        2
        1
       11
        5
        2
        2
        7
        2
        3
        1
        8
        2
        0
        0
        0
        2
        3
       10
        2
        3
       48
       21
