            61.1  
            50.8  
            53.2  
            41.7  
            55.2  
            41.5  
            39.2  
            72.3  
            48.4  
            47.0  
            48.5  
            62.3  
            39.9  
            40.0  
            54.9  
            56.0  
            47.0  
            55.0  
            61.7  
            43.2  
            47.0 
            50.0 
            49.1 
            53.0 
            62.5 
            55.5 
            58.2 
            41.4 
            45.3 
            44.6 
            49.1 
            65.4 
            75.0 
            39.6 
            35.0 
            70.0  
            59.0  
            51.5 
            63.2 
            47.7 
            43.5    
            58.0   
            51.2 
            49.6 
            50.3 
            59.2 
            60.8 
            63.0 
            41.5 
            58.6 
