       6
       6
       3
      11
       8
       1
      10
       6
       5
       8
       9
       6 
       8
       2
       3
       6 
      15 
       2
       8          
       8
       6
       2          
       5
       8
       4          
       8
       9
       4          
       3
       5
       3          
       5
       7
       6          
       2
       3
       8          
       6
       2
       7          
       3
       7
      14          
       5
       1
       7          
       3
       4
       3          
      10 
       6 
       6          
       4
       4 
       6          
      11 
      13
       5          
