Player			AVG	GP	GS	AB	R	H	2B	3B	HR	RBI	TB	SLG%	BB	HBP	SO	GDP	OB%	SF	SH	SB	SBATT	PO	A	E	FLD%
Choice, Michael		.376	50	50	197	39	74	9	3	7	51	110	.558	21	4	35	3	.440	3	0	8	8	126 	3	3	.977
McLeod, David		.375	52	47	200	49	75	18	3	0	29	99	.495	18	2	5	1	.428	2	2	7	8	356	44	4	.990
Slinkman, Danny		.370	45	41	146	29	54	15	2	3	47	82	.562	23	15	29	0	.497	1	1	5	6	135	11	1	.993
Wilson, Brock		.319	22	17	72	23	23	2	0	0	10	25	.347	8	0	11	0	.388	0	1	5	5	22	2	1	.960
Otteman, Matthew	.318	43	38	154	34	49	9	2	1	27	65	.422	15	3	30	2	.385	2	2	8	9	69	8	6	.928
Kainer, Andrew		.300	41	32	120	17	36	11	0	3	26	56	.467	5	5	28	0	.354	0	1	2	5	50	4	2	.964
Comer, Chad		.279	36	31	122	15	34	7	0	3	23	50	.410	5	2	11	1	.318	2	0	0	0	173	23	2	.990
Pitschka, Jay		.277	52	49	148	36	41	6	0	0	14	47	.318	26	13	22	2	.428	0	3   	2	4	94	152	25	.908
Guest, Steffan		.271	34	25	107	14	29	5	0	2	18	40	.374	10	3	15	2	.347	1	0   	0	0	0	0	0	.000
McCoy, Preston		.267	29	13	60	14	16	2	1	0	8	20	.333	8	0	13	0	.348	1	4	2	2 	26	1	1	.964
Storms, Jeff		.258	38	30	97	15  25   5   1   0  21   32  .330   9   6  20   1  .348   3   1   2-4     50  77   5  .962
Raley, Evan.........  .250  43-39   144  16  36   7   0   1  16   46  .319  12   1  32   2  .312   0   2   2-5     27  76   8  .928
Holt, Blake.........  .247  34-17    77  10  19   2   0   2   4   27  .351   6   0  20   0  .301   0   2   3-3     38   1   4  .907
Putman, Mitch.......  .246  26-18    65   7  16   2   0   1   8   21  .323   7   2  14   0  .333   1   0   0-0     85  11   0 1.000
Davis, Ryan.........  .223  35-28   103  22  23   7   1   0  12   32  .311   6   4  17   0  .289   1   2   0-1     49  57  11  .906
McPherson, Justin...  .220  38-21    91  14  20   2   1   0   8   24  .264   8   1  20   2  .290   0   1   1-1     36  56   4  .958
Garner, Collin......  .138  22-5     29   5   4   1   0   0   2    5  .172   4   0   9   1  .242   0   3   2-3     18   0   0 1.000
Price, Chad.........  .132  17-12    38   5   5   0   0   0   3    5  .132   5   1  11   2  .250   0   2   3-3     77   8   1  .988