Sales
12233136
13947785
10449723
11981740
10788815
12760524
9888417
11445462
10905341
13141349
12082713
14431387
10096589
11726815
10614026
11252184
10109910
12362291
11253878
11339686
10581612
10925963
9684876
11844326
10739292
10939736
9639616
11338636
10607067
12481646
11534775
14073610
13703921
16495834
16782647
19960545
21747095
29487024
32778247
40387916
50606867
68244767
11421109
12711301
11734970
13679770
12757562
15197084
14518940
16869943
10383472
11841643
10092153
12084933
11293239
13179163
12028493
14155392
13218975
16274295
16214682
19410200
20046296
12118475
10452591
12228118
11362334
13194206
11661808
14073885
12903742
15751153
15733224
19369471
21843529
25826780
27917824
33384475
36688866
50064288
63285429
93711624
165702055
15670623
13491525
14695200
14135903
13639702
12588482
13766232
12695626
14362530
14277178
14276944
14769688
17092457
16651726
20698844
21453727
13220611
12146846
15923761
12056489
16237995
13299646
15610665
15031147
19012144
17773187
24175034
24014709
28842967
31813429
39646973
47884166
65377755
92537801
161069366
15351541
16777423
15644982
18440466
17398332
19944698
19103347
22029444
22887760
25355220
25646496
29940518
29995064
35451827
40614381
15485852
13411849
15357235
14545681
16802547
16486757
18742528
18007006
22742802
22254456
14502749
12820209
14474828
15183548
17892300
17495712
19931367
19200304
24543216
13950697
15425212
14256040
16988238
15130742
18305738
17784638
20385102
22536063
25831148
26872703
31381607
34721871
47273690
14224064
15955499
15107010
17711434
16790423
19463662
18474146
22188202
22245953
26457501
26782641
31429654
33489255
45279344
14573640
16051546

