Year	Sales	SalesM	Log10[SalesM]
2005	12233136	12.2331	1.0875
2005	13947785	13.9478	1.1445
2005	10449723	10.4497	1.0191
2005	11981740	11.9817	1.0785
2005	10788815	10.7888	1.0330
2005	12760524	12.7605	1.1059
2005	9888417	9.8884	0.9951
2005	11445462	11.4455	1.0586
2005	10905341	10.9053	1.0376
2005	13141349	13.1413	1.1186
2005	12082713	12.0827	1.0822
2005	14431387	14.4314	1.1593
2005	10096589	10.0966	1.0042
2005	11726815	11.7268	1.0692
2005	10614026	10.6140	1.0259
2005	11252184	11.2522	1.0512
2005	10109910	10.1099	1.0047
2005	12362291	12.3623	1.0921
2005	11253878	11.2539	1.0513
2005	11339686	11.3397	1.0546
2005	10581612	10.5816	1.0246
2005	10925963	10.9260	1.0385
2005	9684876	9.6849	0.9861
2005	11844326	11.8443	1.0735
2005	10739292	10.7393	1.0310
2005	10939736	10.9397	1.0390
2005	9639616	9.6396	0.9841
2005	11338636	11.3386	1.0546
2005	10607067	10.6071	1.0256
2005	12481646	12.4816	1.0963
2005	11534775	11.5348	1.0620
2005	14073610	14.0736	1.1484
2005	13703921	13.7039	1.1368
2005	16495834	16.4958	1.2174
2005	16782647	16.7826	1.2249
2005	19960545	19.9605	1.3002
2005	21747095	21.7471	1.3374
2005	29487024	29.4870	1.4696
2005	32778247	32.7782	1.5156
2005	40387916	40.3879	1.6063
2005	50606867	50.6069	1.7042
2005	68244767	68.2448	1.8341
2005	11421109	11.4211	1.0577
2005	12711301	12.7113	1.1042
2005	11734970	11.7350	1.0695
2005	13679770	13.6798	1.1361
2005	12757562	12.7576	1.1058
2005	15197084	15.1971	1.1818
2005	14518940	14.5189	1.1619
2005	16869943	16.8699	1.2271
2005	10383472	10.3835	1.0163
2005	11841643	11.8416	1.0734
2005	10092153	10.0922	1.0040
2005	12084933	12.0849	1.0822
2005	11293239	11.2932	1.0528
2005	13179163	13.1792	1.1199
2005	12028493	12.0285	1.0802
2005	14155392	14.1554	1.1509
2005	13218975	13.2190	1.1212
2005	16274295	16.2743	1.2115
2005	16214682	16.2147	1.2099
2005	19410200	19.4102	1.2880
2005	20046296	20.0463	1.3020
2005	12118475	12.1185	1.0834
2005	10452591	10.4526	1.0192
2005	12228118	12.2281	1.0874
2005	11362334	11.3623	1.0555
2005	13194206	13.1942	1.1204
2005	11661808	11.6618	1.0668
2005	14073885	14.0739	1.1484
2005	12903742	12.9037	1.1107
2005	15751153	15.7512	1.1973
2005	15733224	15.7332	1.1968
2005	19369471	19.3695	1.2871
2005	21843529	21.8435	1.3393
2005	25826780	25.8268	1.4121
2005	27917824	27.9178	1.4459
2005	33384475	33.3845	1.5235
2005	36688866	36.6889	1.5645
2005	50064288	50.0643	1.6995
2005	63285429	63.2854	1.8013
2005	93711624	93.7116	1.9718
2005	165702055	165.7021	2.2193
2005	15670623	15.6706	1.1951
2005	13491525	13.4915	1.1301
2005	14695200	14.6952	1.1672
2005	14135903	14.1359	1.1503
2005	13639702	13.6397	1.1348
2005	12588482	12.5885	1.1000
2005	13766232	13.7662	1.1388
2005	12695626	12.6956	1.1037
2005	14362530	14.3625	1.1572
2005	14277178	14.2772	1.1546
2005	14276944	14.2769	1.1546
2005	14769688	14.7697	1.1694
2005	17092457	17.0925	1.2328
2005	16651726	16.6517	1.2215
2005	20698844	20.6988	1.3159
2005	21453727	21.4537	1.3315
2005	13220611	13.2206	1.1213
2005	12146846	12.1468	1.0845
2005	15923761	15.9238	1.2020
2005	12056489	12.0565	1.0812
2005	16237995	16.2380	1.2105
2006	13299646	13.2996	1.1238
2006	15610665	15.6107	1.1934
2006	15031147	15.0311	1.1770
2006	19012144	19.0121	1.2790
2006	17773187	17.7732	1.2498
2006	24175034	24.1750	1.3834
2006	24014709	24.0147	1.3805
2006	28842967	28.8430	1.4600
2006	31813429	31.8134	1.5026
2006	39646973	39.6470	1.5982
2006	47884166	47.8842	1.6802
2006	65377755	65.3778	1.8154
2006	92537801	92.5378	1.9663
2006	161069366	161.0694	2.2070
2006	15351541	15.3515	1.1862
2006	16777423	16.7774	1.2247
2006	15644982	15.6450	1.1944
2006	18440466	18.4405	1.2658
2006	17398332	17.3983	1.2405
2006	19944698	19.9447	1.2998
2006	19103347	19.1033	1.2811
2006	22029444	22.0294	1.3430
2006	22887760	22.8878	1.3596
2006	25355220	25.3552	1.4041
2006	25646496	25.6465	1.4090
2006	29940518	29.9405	1.4763
2006	29995064	29.9951	1.4770
2006	35451827	35.4518	1.5496
2006	40614381	40.6144	1.6087
2006	15485852	15.4859	1.1899
2006	13411849	13.4118	1.1275
2006	15357235	15.3572	1.1863
2006	14545681	14.5457	1.1627
2006	16802547	16.8025	1.2254
2006	16486757	16.4868	1.2171
2006	18742528	18.7425	1.2728
2006	18007006	18.0070	1.2554
2006	22742802	22.7428	1.3568
2006	22254456	22.2545	1.3474
2006	14502749	14.5027	1.1615
2006	12820209	12.8202	1.1079
2006	14474828	14.4748	1.1606
2006	15183548	15.1835	1.1814
2006	17892300	17.8923	1.2527
2006	17495712	17.4957	1.2429
2006	19931367	19.9314	1.2995
2006	19200304	19.2003	1.2833
2006	24543216	24.5432	1.3899
2006	13950697	13.9507	1.1446
2006	15425212	15.4252	1.1882
2006	14256040	14.2560	1.1540
2006	16988238	16.9882	1.2301
2006	15130742	15.1307	1.1799
2006	18305738	18.3057	1.2626
2006	17784638	17.7846	1.2500
2006	20385102	20.3851	1.3093
2006	22536063	22.5361	1.3529
2006	25831148	25.8311	1.4121
2006	26872703	26.8727	1.4293
2006	31381607	31.3816	1.4967
2006	34721871	34.7219	1.5406
2006	47273690	47.2737	1.6746
2006	14224064	14.2241	1.1530
2006	15955499	15.9555	1.2029
2006	15107010	15.1070	1.1792
2006	17711434	17.7114	1.2483
2006	16790423	16.7904	1.2251
2006	19463662	19.4637	1.2892
2006	18474146	18.4741	1.2666
2006	22188202	22.1882	1.3461
2006	22245953	22.2460	1.3473
2006	26457501	26.4575	1.4225
2006	26782641	26.7826	1.4279
2006	31429654	31.4297	1.4973
2006	33489255	33.4893	1.5249
2006	45279344	45.2793	1.6559
2006	14573640	14.5736	1.1636
2006	16051546	16.0515	1.2055
